https://vimeo.zendesk.com/hc/
https://play.google.com/store/apps/details?id=com.vimeocreate.videoeditor.moviemaker&referrer=utm_source%3Dfooter%26utm_medium%3Dlohp
https://apps.shopify.com/vimeo_product_video_maker
https://vimeo.com/ott/resources
https://investors.vimeo.com
https://vimeo.zendesk.com/hc/en-us
https://vimeo.com/blog/
https://apps.apple.com/app/apple-store/id1356686763?pt=417731&ct=lohp&mt=8
https://apps.apple.com/us/app/vimeo-create/id1491791513
https://www.magisto.com/
https://marketplace.zoom.us/apps/9_xSEvq4Rj6SNFbbcKQn_g
https://play.google.com/store/apps/details?id=com.vimeo.android.videoapp&referrer=utm_source%3Dfooter%26utm_medium%3Dlohp
https://developer.vimeo.com/
https://vimeo.com/blog/category/video-school/
https://developer.vimeo.com
https://itunes.apple.com/app/vimeo/id425194759?mt=8
